  2.31980  0.00000  0.00000  0.00000  0.00000  0.00000  0.00000  0.00000  0.00000  0.00000
  2.48260  0.32560  0.00000  0.00000  0.00000  0.00000  0.00000  0.00000  0.00000  0.00000
  1.15160 -2.66200 -2.98760  0.00000  0.00000  0.00000  0.00000  0.00000  0.00000  0.00000
  0.46920 -1.36480  1.29720  2.85653  0.00000  0.00000  0.00000  0.00000  0.00000  0.00000
  0.38330 -0.17180  1.19300 -0.06947 -1.46300  0.00000  0.00000  0.00000  0.00000  0.00000
  0.75620  0.74580  0.91760 -0.18360 -0.05707  0.56237  0.00000  0.00000  0.00000  0.00000
  1.92920  2.34600  1.60020  0.45507  0.31933  0.15056 -0.13727  0.00000  0.00000  0.00000
  2.68950  1.52060 -0.82540 -1.61707 -1.03607 -0.54216 -0.23091 -0.02675  0.00000  0.00000
  1.51430 -2.35040 -3.87100 -2.03040 -0.20667  0.33176  0.29131  0.14920  0.04399  0.00000
  0.58040 -1.86780  0.48260  2.90240  2.46640  1.06923  0.24582 -0.01300 -0.04055 -0.01879
